104661	1
112752	1
108151	1
106010	1
100454	0
108615	1
109361	0
107843	0
111709	0
107227	0
105753	1
110909	0
103350	1
100744	1
105840	0
103129	1
113033	1
104397	1
101374	1
111445	1
104450	1
103406	0
101897	0
101685	0
105658	1
107042	0
103944	0
104281	0
105765	0
104569	0
108755	0
106935	1
104565	0
105612	1
104699	0
104611	0
110733	1
107349	1
111699	1
112249	0
101956	0
102711	0
104933	0
108476	0
104294	0
106602	1
100603	0
112035	0
105071	1
103477	0
109214	1
110787	1
106401	0
101247	1
109895	0
111103	0
107400	1
109383	1
112808	1
111367	0
103365	0
101707	1
111286	0
105896	1
112215	1
112440	1
105777	0
103694	1
103965	0
104559	0
101600	0
105122	1
101683	1
112580	1
108610	1
102876	1
102091	0
107420	0
111166	0
103898	1
100699	0
101149	1
100269	1
108289	1
110313	0
100951	1
111867	0
112082	0
105470	1
108556	0
112720	1
103851	0
112761	1
107124	0
103558	1
111206	1
104800	0
108344	0
107604	1
108979	0
109074	0
111784	1
107300	0
112491	0
108987	1
105908	0
106983	1
103384	0
102441	1
104501	0
111708	1
106801	1
108228	1
107718	0
100852	1
109695	0
107366	1
107939	1
106939	0
106397	0
111955	0
102584	0
110085	0
108806	1
105281	0
101800	0
108690	0
105478	0
104751	1
112219	1
107749	1
106389	0
109130	0
104812	0
101381	0
107668	1
111730	1
103684	0
103645	0
100758	1
100439	1
111460	1
102420	0
102024	0
103267	0
108549	1
103036	0
110434	1
102635	1
108858	0
108266	1
107706	0
104990	1
105903	1
102287	1
105793	0
111369	1
108925	0
102267	0
106951	0
110504	0
110333	0
107043	1
105842	1
107264	1
104553	0
100990	1
110839	1
111479	1
102042	0
112635	0
107336	1
106934	0
104045	0
103749	1
112232	1
108062	0
111700	0
105630	0
109087	0
102591	0
102125	1
102169	0
104346	0
110729	0
112891	0
103383	1
105596	0
100523	1
112646	1
104973	0
104494	0
112702	0
109201	0
106435	1
103114	1
108656	0
111160	1
106074	1
102020	0
104594	1
107739	0
109618	0
107811	1
112566	1
104620	0
101561	1
109093	0
107073	1
104437	0
102325	0
101822	1
112758	1
100999	0
108265	0
104985	1
107473	0
103215	1
102751	1
108955	1
105294	1
108234	0
102960	1
100633	0
111389	0
102897	1
110946	0
100789	0
109577	0
105584	1
107142	1
110133	1
112165	1
110589	1
104824	1
109084	1
107131	0
111763	1
105520	0
101196	0
103563	0
110004	0
103662	0
112190	0
102759	0
103144	0
103253	1
104445	1
105585	1
104293	1
103459	0
108885	1
103777	0
111820	0
112461	0
104145	1
112158	0
106288	0
100455	0
104173	0
100595	1
101218	0
100564	0
112434	1
107490	1
105890	0
105201	1
108065	1
103046	1
102795	0
102022	0
104233	0
108456	1
106233	1
107347	0
106096	0
110373	1
102937	0
107160	0
100369	1
104313	0
100195	0
102737	0
103431	1
109027	0
105645	1
107246	1
107781	1
112207	0
106878	0
101761	0
105861	0
105854	1
104536	0
105324	1
105714	1
100514	0
103924	1
112229	0
103538	0
103186	0
107098	0
103946	0
100876	0
109840	1
110611	1
111116	1
102124	1
112147	0
111960	1
111870	0
101978	0
110372	0
100841	1
101854	0
101721	0
110936	0
100568	0
101603	1
108916	0
111913	1
106135	0
103691	1
101966	1
101303	0
108069	1
108044	0
103699	1
112830	1
112496	1
108440	0
105365	1
112776	1
102335	0
111983	0
108626	1
105377	0
105142	0
100703	0
110556	0
100177	0
104945	0
110722	1
112203	1
102138	0
103373	0
105678	1
110639	0
105444	0
102254	1
112339	1
101137	1
109494	1
108695	0
109321	0
107295	1
107269	0
108840	1
101478	1
112204	0
111557	1
110382	0
102256	0
105497	0
112565	1
112121	0
108422	1
109285	0
111047	0
107297	1
112260	0
107243	0
106910	1
102631	1
111715	1
101745	1
112384	1
108272	1
111342	1
111743	1
100885	1
112394	0
107564	0
111674	1
100373	1
106433	0
100846	0
107156	0
111402	1
102883	1
112747	1
107571	1
109379	1
104954	1
107074	0
111294	0
106311	1
106317	0
107703	1
106411	0
104262	0
109271	0
107988	0
103484	0
102464	0
104220	0
110473	1
105469	1
112259	1
111745	1
109721	0
104037	0
107049	1
109184	1
110345	0
108846	1
106556	1
112723	0
101203	0
111866	1
104986	0
107456	0
101638	0
107813	1
102884	0
100711	1
102178	1
104393	1
106678	0
109506	0
107429	0
103057	0
112846	1
110052	0
109099	1
111582	1
102016	0
109576	1
108486	1
105337	0
100500	1
111818	0
103963	1
106648	0
107938	1
107972	1
106629	0
110078	0
108739	0
109007	1
105168	1
105895	0
112796	1
101083	1
104976	1
101212	0
109121	0
106921	1
103473	0
102769	1
107080	0
101448	1
106262	1
102580	0
103701	1
111726	0
108748	0
105544	1
109534	1
108395	0
105206	0
101102	0
100366	1
108713	0
102676	0
109390	1
111534	1
112482	1
104731	0
105712	0
105970	0
102541	1
104230	1
105348	0
111980	0
108227	1
100636	1
111645	0
105639	0
105833	0
102648	0
103347	1
107123	0
106441	0
103368	1
101286	1
106352	0
104322	0
106132	1
110066	1
107299	0
100147	1
101485	0
100491	0
101467	0
110521	1
105682	0
111127	1
100029	1
105036	0
102149	1
110202	1
110555	1
100379	1
103554	1
111899	1
111767	1
110679	1
104054	1
101491	0
102842	0
111725	1
112178	1
110793	0
108767	1
105913	0
104865	0
101994	1
112975	0
104052	0
110544	0
111681	1
106417	1
100519	0
104371	1
106487	0
100375	1
112595	0
105054	1
106813	1
112829	1
101663	0
109429	0
102187	0
109182	1
108648	1
109975	0
102713	1
109425	0
110637	1
109737	0
101540	0
108401	0
111747	1
103413	1
112230	1
101129	1
103286	0
106781	1
111916	1
106887	0
102980	0
105621	1
107282	0
100415	1
105287	0
103199	0
112385	1
112177	0
108029	0
103579	1
100417	0
106754	1
112706	0
107629	0
105075	0
111851	1
111396	0
102528	1
108671	0
100735	1
112552	0
106765	0
110020	1
108216	0
110680	0
112596	1
103183	0
112743	1
109966	1
112803	0
111090	0
105936	1
103113	0
107012	0
103938	0
103646	0
101152	1
103536	0
103345	1
108169	1
107563	0
100212	0
108887	0
102992	0
104329	0
104692	0
111760	0
111199	0
101634	1
112427	0
105757	1
111452	1
108796	1
108567	1
103790	0
101421	0
108279	0
106302	1
104246	1
110321	1
102276	1
103891	0
105954	0
111374	1
103074	0
109161	1
108220	0
100020	0
103430	0
102686	1
107976	0
108627	0
106347	1
106544	0
111039	0
101577	0
102748	1
107908	1
102660	0
104869	1
104087	0
108244	0
110263	1
100258	1
102766	0
106742	1
109762	1
101216	1
105848	0
101532	1
109190	0
112331	1
111484	0
106220	1
112027	1
101714	0
109167	0
106367	1
103363	0
105943	0
100131	0
105809	1
101579	1
101236	1
104709	1
107946	1
112669	1
100468	0
110961	1
104837	1
112366	0
105369	0
107617	0
100860	1
100278	0
103521	0
105072	1
109627	1
108142	1
111432	1
111665	1
108238	1
103702	0
110571	0
112335	0
111926	0
111641	1
107966	1
100601	0
103904	1
107545	1
102395	1
103482	1
105632	1
110352	1
112125	1
109032	1
110952	0
111155	1
102871	0
101479	1
109687	0
110248	1
104882	0
109691	1
102536	1
110287	1
112673	0
105654	0
103232	0
101085	0
109876	0
105256	1
111964	0
112757	1
108914	0
105013	0
106170	1
108288	0
104472	1
106440	1
106066	1
108027	0
106480	0
111446	1
104386	1
103396	0
104727	0
108672	0
112408	1
107117	1
112205	0
102371	0
109636	1
107705	1
111951	1
106871	0
113010	0
110357	1
102037	0
109457	1
105147	1
110285	1
101568	0
107138	0
106407	0
104881	0
104066	0
112255	1
112751	0
110128	0
101339	1
108802	1
112375	0
104644	1
103518	1
109882	1
100536	0
112152	0
105717	0
108255	0
104886	1
102794	0
105499	0
101282	0
106320	1
101352	0
112957	0
103971	0
108350	1
102057	1
103355	0
105498	0
101850	0
104496	1
106947	1
104221	1
102068	1
103556	0
103485	0
112737	0
102047	0
108316	0
111223	1
104563	1
100230	0
104319	1
101143	1
102654	0
112988	0
104068	0
103076	1
109094	0
110179	0
112895	1
102877	0
102771	1
102456	1
110866	1
108526	1
103093	0
104247	0
112734	0
105117	0
107158	1
105655	1
111079	1
110616	0
102693	1
109728	0
112250	1
103217	1
110514	0
105629	1
107468	0
100033	1
104169	0
110276	0
102983	0
110903	0
101578	0
100747	1
110299	0
109516	0
107763	1
106121	0
104244	1
108215	0
109088	1
112682	1
110417	1
104489	1
104545	1
111992	0
105723	1
112683	0
108147	1
104140	1
111610	0
110875	0
106743	0
110199	0
106842	1
108447	0
104358	1
110320	1
102586	0
106990	1
109572	1
108160	1
103007	0
104788	1
106414	0
107640	0
109831	1
101032	1
104600	0
109560	0
104072	0
101127	1
106217	0
108650	1
110934	1
101405	0
110696	0
109642	0
108021	1
106745	0
102362	0
105952	0
112653	0
102873	0
102765	0
101401	0
101412	0
111375	0
103312	0
103732	0
101159	1
101815	1
104214	1
102332	1
103858	0
103150	0
103928	1
108994	0
107190	1
101513	1
100668	0
102026	1
109704	0
108603	0
103281	0
111829	0
101553	0
102412	1
100717	0
105208	1
111670	1
105967	0
101955	0
100887	1
104858	1
101809	0
105963	0
106229	0
106901	0
111176	0
111371	0
105680	1
106069	0
104543	1
102641	0
107641	0
111088	1
107928	0
101291	0
111936	0
106017	0
108890	0
101094	1
102015	1
112049	0
101524	1
103585	1
105125	1
106540	0
100067	0
101806	1
107556	1
112794	1
104337	0
106505	1
112741	1
101576	1
102338	1
110051	0
106304	0
112185	1
101645	1
113020	0
102478	1
107159	1
106244	1
111242	0
102086	1
103440	0
112567	0
102078	0
111361	0
104632	0
112531	0
106722	1
105319	1
108975	0
106853	0
102496	1
101996	0
104753	0
101081	0
104253	0
104438	1
105526	1
106113	1
105610	0
106323	0
112077	1
105849	1
109559	1
101060	1
103606	0
110026	0
103064	0
104166	0
110422	0
111231	1
107523	0
103835	1
112359	1
107319	1
109412	0
103012	1
108420	1
105706	1
112778	1
108133	1
108495	1
108986	1
110530	0
100874	0
112952	0
106928	1
105964	1
105594	0
112403	1
106194	0
104890	1
112968	0
100637	1
111630	0
100380	0
103269	0
104635	0
108894	0
111269	0
108126	1
103876	1
104797	1
111597	0
102096	1
111214	0
110964	0
100089	1
112318	1
112872	0
105626	1
107720	1
110270	1
106162	0
104134	0
103856	1
109567	1
107187	1
103324	0
104790	0
100335	1
103143	0
106318	1
112925	1
111739	0
104190	1
109822	1
108463	1
105501	0
106026	1
108080	1
112577	1
107507	0
104058	0
108088	0
103321	0
108539	1
112888	1
101949	1
111857	1
100954	1
101566	1
109472	0
111570	0
113026	1
112660	1
104465	1
104046	1
101962	1
110763	0
108782	0
101161	0
109583	0
105152	1
104832	0
107694	0
103254	0
109983	0
102680	0
104458	1
107150	0
110041	0
100066	0
102236	1
109859	0
101928	1
102573	1
111796	0
103142	1
106479	1
109071	1
109355	0
101536	1
106222	1
104633	1
107653	1
100188	0
112879	0
102204	0
101908	1
107240	1
102911	0
108083	1
111059	1
110454	0
111797	0
109114	0
110162	0
101165	0
107085	1
105029	1
102700	1
110233	1
100025	0
100427	1
100980	0
102221	1
113024	1
102442	0
106151	1
102470	1
111545	0
110255	1
111241	0
105275	1
110069	0
103690	0
106321	0
100915	1
109677	1
104086	0
109441	1
105816	1
104920	0
109119	0
111215	1
103968	0
107783	0
100892	1
100438	0
108630	1
104309	0
111942	1
104810	0
105933	1
108496	1
112634	1
102655	1
111847	0
109171	0
105784	1
104929	0
111118	0
110281	0
109226	0
104243	1
103224	1
111217	1
109493	1
103590	0
110538	1
111712	0
102546	1
112443	1
106713	0
105915	0
105798	1
105987	0
104943	0
104966	1
112864	1
102920	0
101870	0
101758	1
101168	0
100027	0
103830	1
107208	0
112062	1
105325	1
104019	0
100046	0
107076	0
109657	1
109041	1
109886	0
111686	0
106818	1
109984	0
111688	1
111345	1
104588	0
109395	1
102434	1
108849	0
108590	0
103320	1
102238	1
112471	0
107346	0
107416	1
106263	1
109124	1
108634	0
109798	1
106131	1
111102	0
109353	0
110774	1
110218	1
108499	1
105676	1
103505	0
111335	0
106500	0
101188	1
110759	1
100270	1
102855	0
108771	1
112999	0
106138	1
108547	1
107743	0
100643	0
102930	1
109914	0
109025	1
102895	1
106049	0
112481	1
105202	1
108951	1
112834	0
109129	0
108942	0
111069	1
103331	0
104839	0
103040	1
101819	1
103948	0
102850	0
110752	0
104509	0
112157	0
110070	0
104441	0
108931	1
107072	1
100280	0
101594	0
103869	1
104406	1
107143	1
106816	0
108000	0
103513	1
105530	1
107019	0
107525	0
105008	1
101834	1
111594	1
104670	1
103439	0
101263	1
103889	1
100108	0
111576	1
107930	0
104167	0
101307	0
111627	0
101699	0
109101	1
103878	0
100133	0
108947	0
104187	0
100042	0
106221	0
106532	1
111078	1
107279	1
107399	0
108280	1
104003	0
110888	0
100652	0
112407	1
110580	0
101133	0
104492	0
109364	1
109908	1
100993	1
104493	0
104589	0
112852	0
102844	1
107232	0
101737	0
109228	1
105447	1
112735	0
100815	1
110409	1
108901	1
100362	0
103763	0
106870	1
101176	1
106048	1
112662	1
100575	0
111440	0
102730	0
109967	0
101736	0
101128	0
106732	1
107287	1
106015	0
106995	1
103333	0
112072	0
101954	0
112420	0
103352	1
110028	0
108181	1
109350	0
109492	0
112606	0
101543	0
102583	0
104625	1
101907	0
105438	1
105702	0
109288	1
100391	0
109911	0
110259	0
111195	0
109551	0
112043	1
104750	0
108546	0
106110	1
100300	1
100011	0
102732	1
112990	0
103578	0
100665	0
101592	0
103826	0
103729	1
101013	0
112569	1
111343	1
109371	1
109532	1
104999	0
111259	1
112172	0
103173	1
112146	1
109749	1
111025	1
102499	0
110551	0
104795	0
109973	1
101289	0
100979	1
108573	0
109191	0
110295	1
109280	1
110445	0
109553	1
101074	0
101373	1
107695	1
102778	1
111702	1
111385	1
101643	0
105016	0
110675	1
102537	0
105076	1
105254	1
108122	0
101489	1
103090	1
106172	1
110330	1
111424	0
105331	0
107722	1
107798	0
107390	1
111020	0
108932	0
107343	1
100709	0
111222	0
102545	0
109199	0
103532	1
110579	1
103290	0
105599	0
102045	1
102160	1
101418	1
111219	0
108336	0
106932	1
111165	1
103661	0
109937	0
106972	1
112989	0
100301	0
103807	1
107070	1
109488	1
109669	1
101550	1
110231	0
101740	1
112321	0
102612	0
106733	1
109933	1
112916	1
100252	0
109724	0
102824	1
108804	1
101386	1
100710	1
109554	1
112418	1
110152	1
112631	0
112722	0
112270	0
110908	0
111773	0
102181	0
105745	1
111901	0
109338	1
108418	1
104043	1
108715	1
102868	1
104129	1
104442	0
107547	1
107110	0
111977	0
109067	0
111685	1
108852	1
104468	1
110147	0
107405	0
107163	0
105966	0
106147	1
105084	1
104402	0
104629	0
111208	0
111416	0
104504	1
104469	0
108533	0
109529	1
100015	1
101387	1
106469	0
110979	1
102840	0
107870	1
109106	1
105829	0
108224	1
104311	0
108246	1
112112	0
101792	0
104626	0
110185	1
110848	1
104306	1
109401	0
107643	1
111664	0
100534	1
111313	0
107491	1
104192	0
105247	1
105879	0
102923	0
108066	1
111283	1
107141	0
108550	1
102569	1
105058	1
104093	1
105468	0
111925	1
102282	0
108370	1
107594	1
110554	1
109594	0
111967	0
103573	0
105387	0
108430	0
106731	1
102903	1
100225	1
107199	1
111667	1
110336	1
103250	1
104527	1
100247	1
107916	1
102011	0
101035	1
108434	1
112755	0
102886	1
109901	1
111687	0
101193	1
102971	1
111574	1
111040	0
103852	0
102384	0
104704	1
109970	1
105012	1
111401	0
102793	1
100495	0
101089	1
107035	1
110980	1
110113	0
108706	1
103700	0
107465	0
112935	1
112876	1
112336	1
107990	1
100832	0
111515	1
111277	1
110511	0
104180	0
106779	1
111601	0
106755	1
102290	0
110326	1
105656	1
100804	0
112910	0
112070	1
111568	1
105743	1
108271	1
110619	1
110984	0
107493	0
105401	0
112907	1
106181	1
103843	1
101821	1
104256	1
102703	1
100529	1
111062	1
111119	1
101960	1
103219	0
111453	0
108808	0
112089	1
102480	1
101667	1
108361	0
111921	0
105750	1
104063	0
112274	0
104270	0
100567	1
110632	1
109815	0
104027	0
107378	0
102519	0
107281	1
106609	0
111030	1
102271	0
101866	1
100752	1
112291	1
109740	0
106898	0
103196	0
100759	1
103222	1
105400	1
100143	1
103664	1
106975	0
104231	1
104055	0
100793	1
112275	1
105719	1
109587	0
104363	1
112297	0
106429	0
111311	0
102985	1
106486	1
107021	1
101073	1
107926	0
106894	1
111902	0
103175	1
108300	1
112294	0
110744	1
106723	0
104874	0
106415	0
104421	0
110857	0
100591	1
112174	1
108565	0
103504	0
105435	1
102416	0
100882	0
109872	1
106998	0
109399	1
105141	0
105506	1
100340	1
111878	0
107007	1
111284	0
112647	0
112133	1
108622	1
112561	1
110211	1
105826	0
112396	1
104229	1
105192	0
107331	0
104560	1
110806	1
110577	1
102939	1
106394	0
105103	0
112765	1
110043	1
100371	1
104487	0
102146	0
108451	0
105022	1
112494	0
108707	1
110770	0
103584	0
100784	1
105030	0
104467	1
102839	0
105850	1
107859	1
107954	1
101251	1
108460	0
103358	0
102055	0
109600	0
109871	1
100322	1
102727	1
109145	1
106404	0
102497	1
111919	0
110205	0
107559	1
111982	0
106893	0
109428	0
101279	0
109682	1
100851	0
104549	0
110346	0
111499	0
101453	1
105228	0
109941	0
111084	0
101945	1
110677	1
106703	0
101542	0
112678	1
104587	1
112037	0
109797	0
112958	0
101696	0
106289	1
106624	0
110773	1
112469	0
102852	1
106863	0
108287	1
106208	0
107845	1
109385	0
112537	0
107508	1
102761	0
111956	1
108855	1
106008	1
100549	0
106457	1
107161	0
106936	0
110996	0
103393	0
111995	1
101180	1
109706	0
104434	1
109615	0
109125	1
103803	0
107656	0
111694	0
103043	0
100167	1
100414	1
111989	1
112361	1
100742	1
112597	0
105286	0
109422	1
100445	0
100963	0
100477	1
105220	1
105700	1
112431	1
104601	0
107125	1
111304	1
106814	0
100738	0
107686	0
101868	0
106897	0
106348	1
105853	0
109853	1
101233	0
100777	0
112686	1
106590	0
103389	1
106527	1
104994	0
111877	1
107244	0
105097	1
112040	1
109221	0
112084	1
105270	0
110074	1
110039	0
101332	0
108875	1
109324	1
104470	0
102310	0
109240	1
109162	0
103654	1
106180	1
105190	0
103567	1
106386	0
112463	0
112820	1
108554	0
110781	0
101243	1
106316	0
104227	1
113018	1
108918	0
110523	0
110913	0
108143	1
111512	0
103866	0
101572	0
112039	1
111950	0
111848	0
111933	1
102397	0
103212	0
101574	0
112711	0
104000	1
104662	1
105801	1
104955	1
108392	0
110407	0
100124	0
105240	1
106215	0
110210	0
105559	1
108444	1
100385	0
109318	1
101248	1
101635	0
101875	1
109181	0
109865	1
111562	0
100945	0
111554	1
102333	1
105055	1
103302	1
111071	1
107918	0
109502	1
108761	1
105691	0
110194	0
110272	0
110894	0
104084	0
103986	0
110862	1
111042	1
100157	0
106849	0
110291	1
107200	1
106623	0
107565	0
108003	0
102154	0
105479	0
100685	1
110904	1
105205	1
107800	1
101367	1
101790	1
108788	1
108409	0
104759	1
111115	0
111861	1
111683	1
110873	0
103853	1
100916	1
103931	1
112694	0
100734	0
103802	0
111412	1
104572	1
105709	1
106565	1
104026	0
100645	1
109614	0
102989	1
111852	1
103116	0
110405	1
104021	0
108385	1
106294	0
112936	0
101261	1
109801	1
104528	1
102692	1
107502	1
104853	0
111122	1
105815	1
109022	0
103810	1
102914	0
106761	1
103465	1
104396	0
101465	1
100616	1
102959	0
103956	1
106392	1
109833	0
102763	0
104647	1
105775	1
112658	0
104498	1
103039	0
105944	0
104814	0
105508	1
104288	0
105865	0
105956	1
104105	1
110968	0
104968	1
105398	0
101757	0
101878	1
108691	1
110720	0
107903	1
102081	0
101404	0
111138	0
109246	0
109524	0
109063	0
106351	1
111957	1
111239	0
111436	1
103416	1
107083	0
111707	1
106603	0
106632	0
104785	1
100629	1
105647	1
103569	0
110638	0
103486	0
102247	1
104826	1
104877	0
106638	1
103120	0
112969	0
101175	0
105597	1
102493	1
105021	1
104719	1
104786	1
105339	0
103875	1
110927	0
109474	1
107647	1
101451	1
111022	1
109628	1
106475	0
107515	1
104923	1
111719	1
108171	1
111072	1
100431	0
108125	1
110273	1
100283	0
111253	1
102207	1
109016	0
106507	1
100416	0
106717	0
112252	1
103637	0
112977	0
100532	0
102440	1
102148	0
101177	1
112063	1
105237	1
104723	1
105947	1
109044	1
100625	0
101767	0
110337	0
109003	0
101942	1
107202	0
106293	0
107361	1
101926	0
105259	0
110005	0
107306	1
104139	0
110127	1
108682	0
103696	1
106020	0
102848	0
106510	1
103750	0
103785	1
107010	0
101778	0
105356	0
104304	0
101972	1
104693	0
106400	1
101830	0
101080	0
107961	0
106038	1
108532	1
101650	0
100395	1
104724	0
109936	0
103262	0
112859	0
112076	0
108586	0
100968	1
104752	1
102706	0
103255	1
100337	0
100903	0
109667	1
112655	0
105213	1
107646	0
103087	1
102409	1
106945	0
111575	1
108663	0
110433	0
108498	1
106373	0
105873	0
107278	0
100962	0
111998	0
104917	1
105482	0
104131	1
105920	1
102574	0
107162	0
105336	0
100052	1
109011	0
109155	1
106243	1
100044	1
100179	1
102521	1
107671	1
107153	0
110068	1
109732	1
100732	1
103593	0
108109	1
103954	0
104827	0
100942	1
111858	1
101889	1
102404	0
112505	1
102273	1
104739	0
112444	1
110428	1
102479	1
103153	1
102467	0
109247	1
112931	0
109823	1
104235	0
112317	1
101853	1
103888	0
107968	0
102349	0
108006	1
112057	1
103450	0
106095	0
110161	1
107935	0
101434	0
107967	0
100227	0
112191	0
100034	0
100666	0
104690	0
102222	0
108527	0
109380	0
104798	0
103346	0
105282	0
110323	0
100927	1
107833	1
105669	1
104127	0
110951	0
106061	1
107031	1
103194	1
106912	1
108759	1
108838	0
104928	1
111309	0
106783	0
102312	0
110810	0
101987	1
108096	1
102602	1
111348	1
107777	0
111741	0
112768	1
111024	1
102152	1
106988	1
108619	1
112938	1
105847	0
102090	1
107395	1
110821	0
112825	0
107379	1
101166	1
102724	1
101105	1
104775	1
112951	0
112387	0
103795	1
106700	0
110939	1
102291	1
100653	0
112298	1
108435	0
109708	1
111963	0
101827	0
107342	0
109751	0
107688	0
101095	0
110844	0
110683	0
102742	0
106838	1
110813	0
103610	1
109302	0
113031	1
102843	0
111652	0
106570	0
111392	0
104077	0
103825	0
106252	0
102084	0
108579	0
104375	1
100466	1
106514	1
106650	1
106383	1
112902	0
111061	0
108658	0
105368	1
110635	0
110308	0
107879	0
100100	0
112534	1
104505	0
107650	0
102604	0
104490	1
100554	1
112346	1
111161	0
104316	0
105405	1
104998	0
107861	1
102353	1
112370	0
106164	0
104801	1
109556	0
102269	1
110010	1
109597	1
112472	0
107570	1
108984	1
106432	1
103035	1
109540	1
111863	1
111961	1
106059	1
108061	1
104899	1
106562	0
108584	1
103238	0
109729	1
111050	0
112793	0
102798	1
105373	0
111067	1
103706	0
106018	0
108156	0
104103	1
105381	1
108247	0
104376	0
106707	0
103671	1
103125	0
102915	0
112303	1
111033	1
109803	0
101533	1
112338	0
106667	0
103571	0
108394	1
112572	0
107271	0
106709	1
110114	1
102248	0
106057	1
100581	1
104925	1
100795	0
108962	0
106701	1
101851	0
105291	0
102571	0
106137	1
106210	1
105196	0
112882	1
101991	0
109778	1
105490	1
106235	1
101065	1
107613	1
102102	0
108904	1
100924	0
100253	1
102690	1
100465	1
102323	0
105962	0
108686	0
100295	1
100262	1
109658	0
106326	0
100433	0
103529	0
100345	0
107275	0
104806	0
106152	1
106093	1
111015	1
102158	0
105595	0
100285	1
107270	1
104767	1
103307	0
109601	1
112182	0
108591	0
100063	1
112972	1
111482	0
106566	1
101343	0
103351	0
104130	0
105862	1
102004	0
111450	1
110377	0
100530	0
108479	1
106612	0
103470	1
105836	1
102853	1
105664	1
101527	1
103023	0
107325	0
103494	0
110394	1
107580	0
102875	0
101066	1
104248	1
110569	1
107457	0
111026	0
107873	1
109727	0
103319	0
104217	1
109592	0
105243	0
105830	0
102821	0
106966	0
105099	0
107286	1
107877	1
111083	0
104461	1
107978	1
101395	1
111077	0
109944	0
111211	1
100361	0
112001	1
102555	1
105459	0
101768	1
111080	1
108391	0
107265	1
107312	1
105560	0
106368	0
102400	0
100561	0
110546	1
108995	0
109768	0
103615	0
108938	0
108241	0
107328	1
100624	0
101943	0
111603	1
102072	0
111303	0
107303	1
108417	1
111794	0
107807	1
111268	0
106034	1
100129	1
108211	1
102805	0
112208	0
100880	1
105143	0
109248	1
107607	0
103913	1
105659	1
108666	0
100085	0
104141	0
104550	1
105485	0
106364	0
102451	1
103056	1
101770	0
102943	1
111428	1
109573	0
112279	1
112512	1
110498	0
110489	0
105303	0
103608	1
104808	1
106259	1
110383	1
102671	1
102830	1
101678	0
101510	0
110858	1
108636	1
106621	1
105137	1
104091	1
108318	0
101512	0
107636	0
101947	1
100065	0
112797	1
100893	1
103828	0
112334	1
107065	1
103547	1
102492	0
100687	1
102430	0
111465	1
102121	1
102426	1
110659	0
108902	1
104715	0
110176	1
105608	1
102525	1
108182	0
109307	1
106637	0
112586	1
110707	1
109843	0
105541	1
100388	0
107413	1
111271	1
104497	0
107595	1
104624	0
111974	0
110130	0
101503	0
107133	1
111903	0
102909	0
109220	0
111498	1
102217	1
104075	1
108982	0
103202	0
110506	0
107802	0
112570	1
110615	1
103624	1
100060	0
111643	0
111691	0
110883	1
110453	1
110618	0
105193	0
103647	0
106593	0
106126	1
111258	0
105298	1
105806	1
108161	0
106363	1
108989	1
101858	1
110247	1
102417	1
103599	0
110957	0
103279	1
106406	0
109297	1
112503	1
107109	1
108978	1
112120	0
105514	1
109661	0
111297	1
100587	1
108921	1
101836	0
108468	0
104168	1
101610	0
108905	0
108056	0
106033	0
107779	1
102050	0
109473	0
105420	1
108801	0
105951	0
109133	1
103934	0
108974	0
100807	1
112943	0
110200	0
101221	0
110598	1
110694	0
106498	0
104646	1
109255	0
108404	0
101107	1
100185	0
101430	1
106705	0
103753	0
101750	0
100238	1
101050	0
105603	1
105129	0
109475	0
105165	1
101934	1
109388	0
100798	1
106739	0
112142	0
111243	1
110227	0
108639	1
106730	0
109187	0
101322	0
107290	0
107537	0
105759	0
110533	1
112651	1
110332	0
105949	0
112663	0
105752	0
103809	0
109258	1
110876	1
112094	1
109231	0
102343	0
107147	0
107614	1
109880	1
112480	1
102945	0
110212	1
105977	1
105695	1
106445	1
103794	0
108700	0
111272	0
109796	0
102422	0
109836	1
104842	1
109033	1
106448	0
102076	0
110364	1
107241	1
111120	1
100741	1
108897	0
103733	0
103422	0
109433	0
107878	1
102729	0
109195	1
100443	1
106698	1
111518	0
112862	0
105194	1
102134	1
110719	1
110674	0
112676	1
105592	1
103685	1
110583	0
105114	0
106450	1
111793	1
100458	0
110574	1
102834	0
103797	1
112996	1
102075	1
105309	0
111932	1
102448	1
100010	0
101077	0
109713	0
107758	1
107762	1
108561	0
112276	0
101865	0
107185	0
102874	0
108090	0
112459	1
105828	0
106819	0
109997	0
105266	0
105341	0
112887	0
105079	0
109507	1
105442	1
111179	1
108188	0
103284	1
106257	1
108240	1
108541	1
103942	0
111937	0
112966	1
100985	1
112950	1
102596	1
103489	1
112225	1
106071	1
105838	1
111563	1
101595	0
102012	1
101205	0
106129	1
100509	0
110963	1
106385	0
112014	1
102471	1
101033	1
110067	1
103786	1
106444	0
102723	1
101589	0
100565	1
110167	1
109077	1
103298	0
112386	0
101088	1
106927	1
109533	0
105722	1
109501	0
112253	0
109356	0
109373	1
103034	0
104774	1
100383	1
103371	1
109764	1
105653	0
102308	1
108482	1
109293	1
106689	0
105014	0
109477	0
112400	1
101873	1
101293	0
111108	0
100105	0
104657	1
107341	1
111289	0
108646	1
110507	0
109858	1
112470	0
101723	0
108792	0
111756	1
108879	1
108002	1
109744	1
107406	1
106967	0
108531	1
109761	0
101933	1
101640	1
112998	1
110962	0
100182	1
102990	0
110104	1
105065	0
100848	0
110265	1
111307	0
110224	1
111334	1
101668	0
105628	1
110153	0
103857	1
104926	1
102977	1
108950	0
106466	0
101518	0
104909	0
111693	1
105606	0
108351	1
108505	0
111631	0
110238	0
100463	1
111204	1
109208	1
105705	0
105925	1
106134	1
112602	1
105797	0
102885	1
110651	0
107322	0
112156	0
100884	0
106497	1
101227	1
104480	0
112707	0
107924	1
102589	1
109342	0
102374	0
105081	0
104784	1
101609	1
104845	0
108851	0
110874	0
111068	0
110481	0
105687	0
109887	0
104576	0
109235	0
104407	0
100972	0
105436	0
112995	0
112006	0
110012	0
102530	0
109869	1
106128	1
103010	1
104255	0
101774	0
101326	1
110911	1
103877	1
102782	0
108837	0
110007	1
111887	0
111869	0
104610	1
110669	1
112322	1
110766	1
104073	0
112697	1
110918	0
103086	1
100854	1
112948	1
102672	1
101705	0
101321	0
109804	0
101915	0
108469	1
102289	0
106193	1
108410	0
104859	0
103303	0
108239	0
112860	0
105652	1
105762	1
112060	1
106981	0
102173	0
106687	1
112498	1
101692	1
100277	1
106774	1
108772	0
100737	0
105749	1
106560	0
102255	1
101682	0
101785	1
106455	0
111513	0
112222	1
101596	1
106271	1
111306	1
111819	1
112414	1
101983	0
103997	0
107391	1
101199	0
106538	1
103258	1
110921	0
105098	0
112814	1
101037	0
100663	1
101838	1
105345	0
105473	0
107402	0
100172	0
112780	0
102799	1
102786	0
109055	1
108774	1
104459	1
101951	0
113014	0
106031	1
110721	1
110105	1
101371	1
112666	1
104502	0
104352	0
100073	1
107233	0
105902	0
108450	0
107501	1
106836	1
112738	0
103032	0
100198	1
106324	1
105462	0
107181	0
110387	0
104713	0
100390	1
107305	0
102018	0
103991	1
107263	1
108120	1
108606	1
111790	1
109715	0
101024	0
101121	1
110900	1
109934	1
104972	0
100284	0
109244	0
111021	1
104908	0
105074	0
100496	1
102188	0
105532	1
110319	1
109012	1
106225	1
102616	0
104829	0
109154	1
100224	0
103522	1
107484	1
106677	1
102764	1
106295	0
112202	1
102473	1
104525	1
112581	1
108585	0
108429	1
107289	0
103030	1
103698	0
112801	0
103045	1
107274	0
100853	0
108926	1
102219	0
104655	0
105738	0
107959	0
106502	1
111500	0
105562	1
107579	1
103966	1
110861	0
101531	1
103388	0
105389	1
102887	1
101268	0
112604	0
107364	1
105415	1
104249	1
104082	1
106381	0
110225	1
108990	0
108257	1
106737	1
112674	0
109748	0
107500	1
105748	0
105491	0
105598	0
102321	0
104907	0
102234	1
107472	1
105679	1
102673	1
104388	0
108008	0
103028	1
109747	0
109539	0
110089	0
106410	1
105537	1
109828	1
102126	1
107060	1
103618	1
100043	1
109111	1
102557	0
100550	1
110198	1
104318	0
108372	0
107313	1
102108	0
105841	0
107489	1
102833	1
106377	1
104260	1
109326	1
109536	0
100218	0
105894	0
105993	0
111853	0
102533	1
102355	1
101722	1
100949	1
101554	0
109716	0
100506	1
104533	1
101700	0
107216	0
102721	0
110170	0
105263	1
112164	0
102984	0
113000	0
111813	0
112764	0
109417	1
104722	0
105285	0
109222	0
104500	1
100859	0
111049	0
108661	0
105242	1
103256	1
102298	1
103557	1
100955	1
104014	1
109028	0
104418	1
112605	0
105394	1
104696	0
103223	0
110769	1
112617	1
102520	0
101295	0
113022	0
111517	1
111101	1
104106	0
104096	0
111146	1
100983	1
109276	1
108042	1
100749	0
109450	0
112067	0
103454	0
107627	1
101315	0
101431	1
100677	1
111701	1
103266	1
112000	0
106997	0
111800	1
102879	1
110438	0
102835	1
111149	1
109917	0
100867	1
109229	0
104988	0
108277	0
111082	0
108805	1
104939	0
110165	1
104876	1
112087	1
105644	1
101052	0
111637	1
108443	1
105440	1
111580	1
108945	1
107677	1
100363	0
107659	1
104366	1
111133	0
107130	0
103882	0
101997	0
106058	0
106393	1
105051	0
106670	1
102862	0
102796	0
106490	0
112773	1
105223	0
105713	1
110830	0
106192	1
107120	1
102116	0
106473	1
109760	0
107770	1
111862	1
110824	0
101141	0
101627	1
107699	0
100976	1
103939	0
103930	1
102361	0
112309	0
104562	0
101697	1
110184	0
112392	0
100191	1
102284	1
101353	0
107587	1
101791	1
101409	1
110832	1
102278	1
109115	0
105395	0
106588	1
108158	1
108407	1
100245	0
105726	1
102712	1
105488	1
110965	0
112269	0
107848	1
100118	0
104367	1
102297	1
103560	0
108311	0
109306	0
102808	1
104889	0
106287	0
100596	0
100018	1
104354	1
112374	1
111979	0
101441	1
111409	0
106103	1
110055	0
105119	0
108007	1
100183	0
100275	1
106036	0
109649	1
112216	1
104178	1
106213	1
100483	0
103959	0
103741	0
106207	0
102718	0
102299	1
112961	0
106043	0
103619	1
109846	0
106285	1
103947	1
111837	0
103187	1
104855	1
109874	0
102375	1
102993	1
105182	0
105357	0
103464	0
108327	0
106478	1
105053	1
100655	0
103195	1
100116	0
107527	0
105175	1
103577	0
108625	0
104614	1
104384	1
108511	1
111000	1
107965	0
101719	0
106458	1
112813	0
105582	0
107353	0
110111	0
101058	1
111276	1
110798	1
107784	0
107172	1
111718	1
110187	1
107673	1
103139	0
102270	1
103063	1
102949	0
108262	0
110034	1
100638	0
111939	1
107639	1
100092	0
108165	0
106189	1
112956	0
101884	1
107462	0
101763	1
112899	0
101890	1
100144	0
104761	1
105992	0
104732	1
111019	0
111370	1
111151	1
106276	0
101748	1
103155	0
101861	0
105698	1
112124	0
102139	1
111347	0
104163	1
112450	0
110459	0
100368	1
107701	1
106112	1
103088	0
108039	1
104364	1
105146	1
105355	1
110293	1
101953	1
106512	0
107674	0
105109	0
107868	0
111821	0
109339	0
103270	1
100531	1
108500	1
112096	0
109517	0
112790	0
103121	1
102532	0
100931	1
103085	0
100765	0
102202	1
102461	1
112670	0
102472	0
102800	1
105868	1
105955	1
109275	0
103847	0
104161	1
110195	1
109699	1
103692	1
111006	1
100107	0
102104	0
107446	0
110298	1
111327	0
100690	1
106762	1
107834	1
108483	1
109543	0
106756	1
109838	1
111524	0
102891	1
107726	1
106712	1
112278	0
106572	0
103737	0
101977	1
110691	0
107551	1
108973	1
100873	1
107915	0
100642	0
105566	0
104275	0
103709	0
108050	1
112730	1
102627	1
108819	0
101988	1
108218	1
111331	0
106840	0
106810	0
108112	0
109735	0
107454	1
106291	0
100978	0
104224	0
112745	0
110997	0
100488	0
108537	1
109629	0
109942	1
106372	0
103364	1
107542	0
100068	1
104242	1
100609	0
106903	1
110479	1
112398	1
105354	1
110277	1
110178	1
105318	0
103998	0
107237	0
107898	0
103681	1
103510	0
107831	1
110476	1
100444	1
111230	1
100700	0
102275	1
112224	1
108362	1
107632	0
103707	1
107531	0
100630	1
100940	0
108985	1
108335	1
103908	1
112643	0
112301	0
109319	1
105160	1
109253	0
113025	0
103378	0
106635	1
107624	1
106595	0
105155	0
106141	1
101341	1
112051	1
102677	1
106546	1
112429	0
110735	1
105660	0
112883	1
109363	1
103497	1
109644	0
106658	0
102210	1
102969	1
110791	0
101217	1
104254	1
101438	0
110401	1
109159	0
107116	1
102185	0
104556	0
112061	1
100448	0
107529	1
102997	0
100619	0
108876	1
101631	1
109881	0
103242	1
112731	1
110587	1
105760	0
110126	0
108957	0
106495	1
111720	1
106531	1
102175	0
105774	1
111070	1
103751	0
112736	1
111427	0
106937	1
110164	1
100739	0
111669	0
101867	1
109172	1
108253	0
104748	0
102071	0
103029	0
108453	1
105643	0
100156	0
109755	1
106246	0
109434	1
112962	0
100987	1
112970	0
110956	1
109421	0
102163	0
112248	1
106747	1
110767	0
102094	0
110206	0
105540	1
109064	1
111329	0
104143	0
107455	0
107626	0
104836	1
103800	0
106230	1
111962	0
100111	1
111470	1
100938	1
106714	0
103467	1
108623	0
101939	1
100394	1
111984	0
106003	0
103670	1
111340	0
102120	1
109261	1
108471	0
109047	1
106425	1
104196	0
107680	1
109143	0
102965	0
109160	0
102934	0
104991	1
110349	1
108513	0
112783	1
112518	1
110606	0
108621	1
108595	0
107144	0
110548	0
108157	0
104264	1
101234	1
109336	1
103665	1
106481	0
109620	1
110079	1
111009	0
109639	0
109686	0
112934	0
104548	1
112416	0
101649	0
111506	1
101194	0
100693	1
106187	1
100452	1
104650	1
109581	1
100464	0
111056	1
100146	0
101612	1
110734	1
112411	1
104098	1
100189	1
102164	0
103214	0
104451	1
103687	0
109203	0
110171	1
101207	0
103601	0
110932	0
106757	0
100299	0
107645	0
103305	0
100799	1
105767	1
102484	1
103110	1
100255	1
105998	1
103820	0
101967	0
107820	1
109852	0
105177	0
101628	1
105978	1
112875	1
100958	1
111014	1
108912	1
112123	1
111548	1
105694	0
105855	1
111550	1
101002	0
101092	1
100350	1
104111	1
112515	0
101250	1
102002	1
111931	1
112493	1
111888	0
109430	0
107323	0
101762	0
105178	1
103460	1
110573	1
103108	1
110092	1
103958	0
111971	1
111833	1
109073	1
111750	0
101195	0
106116	0
103520	1
110016	1
110754	1
102476	0
109174	0
103180	1
105561	0
106337	1
111654	1
107541	0
103761	0
112242	0
112547	1
106142	0
102054	1
106805	0
110018	0
102933	1
109850	0
108489	0
107687	0
105100	1
104873	1
103772	1
111339	0
105274	1
109420	0
106799	1
101020	0
101525	0
107113	1
101370	0
105756	1
100341	0
106630	1
105149	1
107477	1
108568	1
112304	0
104681	0
101144	1
103988	0
108332	1
103234	1
108687	1
106484	1
100715	0
101123	1
105396	1
101709	0
105171	1
106460	1
103903	0
103842	1
105929	1
112898	1
100835	1
102029	1
100541	1
102849	0
104671	0
105441	0
111421	0
109526	1
111542	0
102781	0
106970	0
105417	0
112477	1
101134	1
103022	0
106895	0
111315	1
107424	1
103169	1
108308	1
107996	1
111153	0
111312	0
103746	0
110629	1
111846	0
110995	0
108598	1
107962	1
106821	1
109291	1
102437	1
110543	0
100821	0
111492	0
109151	1
108714	1
101932	0
105472	0
100117	1
100208	0
110483	0
111944	1
108679	1
101618	1
108917	0
108734	0
101487	1
107317	0
105907	1
109265	1
107024	1
109509	1
106575	1
107135	1
106693	0
105867	0
108097	1
109820	0
108031	0
100592	1
104924	1
103893	1
102119	1
103736	1
103405	0
106750	1
106920	0
103603	1
102554	1
100320	1
112559	0
100960	1
109335	1
101334	0
112896	0
107719	0
108258	1
100982	1
109252	1
100889	1
108864	0
107188	0
103104	1
106238	0
107516	0
112313	1
107351	1
102625	1
112464	1
102797	1
107009	1
107675	0
107931	1
108490	0
107089	1
105451	0
107977	0
103983	0
101277	0
108353	0
106953	1
101348	0
105037	1
105857	1
112630	1
105453	1
110712	1
100501	1
102455	0
105988	1
109465	0
102534	0
102872	0
103054	1
112333	1
100457	0
107822	1
106582	0
102034	1
112397	1
100237	0
106626	1
113029	1
101167	1
109927	0
112122	1
107068	0
108812	1
111732	0
105372	0
105957	0
108943	0
102350	0
110789	0
101045	1
106120	0
110397	1
108680	1
112388	1
105235	1
105787	0
109065	0
105786	1
104314	0
109961	1
112928	0
111940	1
104830	1
102208	1
101416	1
104113	0
106773	0
106702	1
109479	0
110181	1
105904	1
102231	1
100820	0
101560	1
100103	0
103831	0
104225	0
104735	1
107932	0
111263	1
108174	1
101397	0
109746	0
107577	1
100607	1
112315	1
102913	1
100271	1
101305	1
109497	1
111075	0
102535	0
103146	0
108363	1
112360	1
105985	1
103570	0
111218	0
102277	1
103296	0
104674	1
106688	1
109825	0
100359	1
100333	1
106332	1
101880	1
111017	1
103488	0
112924	1
108488	0
100318	1
104378	1
101018	0
103385	0
106249	1
108421	1
105101	0
100813	1
109719	0
107251	1
104697	0
108514	0
106991	0
100334	0
107914	1
107034	0
108267	1
106309	1
106841	1
101086	1
102518	1
108708	0
106079	0
102491	0
105946	0
109802	0
101959	0
105982	1
102153	1
111328	1
107554	1
104512	0
107254	0
111536	0
103369	0
105374	1
106550	1
107994	0
101904	0
105154	0
112217	0
111844	1
111057	0
111831	1
103353	0
102772	1
110990	1
102306	0
112159	1
102595	0
104276	0
112994	0
112129	1
101377	0
103846	0
103779	1
112536	1
109525	0
108815	0
107008	1
106054	0
109915	1
105087	0
107198	0
109684	0
106218	0
101657	0
103650	0
106379	0
105518	1
109957	1
100309	1
100986	1
101903	0
107476	1
111248	0
103789	1
112073	0
107917	1
109705	1
110771	1
101225	0
102561	0
103246	0
100919	0
110590	1
105330	0
106960	0
106035	1
111145	1
106979	1
110437	0
102209	0
110682	1
101423	1
111091	0
105458	0
103811	0
101298	1
101680	0
109671	0
101729	0
106896	1
102483	0
102365	0
110188	1
106782	1
103781	0
105413	1
112501	0
110585	1
112098	0
106868	0
112221	1
111454	1
103402	0
112419	1
112314	0
111004	1
104483	1
103447	1
100977	1
100894	1
110829	0
100450	1
108738	0
106579	0
110892	0
102974	0
110031	1
101241	1
104561	1
101257	1
103666	1
104992	1
107373	1
100728	0
109541	0
102823	0
112699	1
112954	1
110088	1
102760	1
108762	1
101477	1
108170	0
111210	1
105974	1
102936	0
110998	1
109899	1
102789	0
110242	1
102714	1
111387	1
108807	1
110641	1
104664	0
103552	1
101003	0
105366	0
112897	1
109060	1
110863	1
112047	0
106421	0
108629	1
110107	0
105312	0
100214	1
112987	0
113023	1
108937	1
109883	0
101100	1
102446	1
105577	1
102080	0
113009	1
111883	0
101249	1
103617	1
107023	0
103832	1
101648	0
108649	1
110274	1
104668	0
111717	0
112854	1
110448	1
103583	0
110289	0
107953	0
108766	1
104245	1
100055	0
101235	0
110316	0
103399	0
102869	1
109194	0
111622	0
104782	1
102268	0
109035	0
107884	0
108284	0
100857	0
100122	0
111194	1
100161	0
105552	0
108644	0
105711	1
108217	0
104585	0
108256	1
103471	0
108933	1
100187	0
107876	1
107438	0
106346	1
105085	1
101292	1
109202	0
112007	1
108911	0
104870	1
100216	1
103731	1
104641	0
108667	1
100421	0
101174	1
107475	1
100236	0
112861	1
110376	1
103042	1
111696	1
101466	1
107989	1
108298	0
110642	1
108520	1
102738	1
100039	1
109646	0
112200	0
101935	1
107403	0
109232	0
107894	0
102653	0
112093	1
102544	0
104307	0
105172	0
110713	0
109590	1
100398	1
104423	0
108054	1
110124	0
107276	0
105512	1
108478	1
100947	0
110112	0
101206	0
103011	1
109996	0
107453	1
102009	0
109938	0
105226	1
103710	1
111912	1
110732	1
100163	1
110047	1
105572	1
112514	1
106306	0
108341	1
106254	0
100173	1
108662	1
111882	1
112356	0
107801	1
107100	0
106827	1
101490	1
103241	0
112497	0
112620	0
106088	1
103553	0
102597	0
105690	0
111973	1
107933	1
108555	0
100664	1
106216	0
104479	0
101930	0
112426	0
102698	0
100405	0
109031	1
103382	1
108525	1
101044	1
104387	0
108810	0
107422	1
106604	0
104097	0
105047	1
112478	0
101776	1
106078	1
102689	1
105866	0
107985	0
111571	0
108953	0
108369	1
111579	1
110497	1
112688	1
103437	0
100546	1
107018	1
108647	0
107045	1
112874	0
100944	1
111180	1
100152	1
109270	0
102223	1
103239	1
101356	1
101882	0
106494	0
112240	1
101171	1
106826	1
107495	1
100194	0
103163	0
105449	1
110021	1
103164	0
101739	0
112980	1
107900	1
106264	0
100382	1
110204	0
109588	1
102726	0
110516	0
113008	1
107745	1
102988	1
101871	1
102262	1
106000	1
112835	0
105799	0
108043	0
107401	0
107082	0
107433	0
107562	0
111288	1
111324	0
100995	1
101860	1
102382	0
110841	1
106077	0
103999	0
108461	0
104803	1
112379	0
111257	0
106619	1
105571	0
112576	0
109118	1
108562	0
112932	0
109703	1
101222	1
107222	0
110849	1
102846	1
108334	0
101318	0
101971	0
106576	1
108085	0
103118	1
107394	1
108340	1
111172	0
111292	1
100190	0
104239	0
102424	0
106434	0
106178	0
102250	1
104056	1
108070	0
110410	0
110578	0
110988	0
111991	1
102165	0
101679	0
100733	0
100782	0
109300	0
109813	0
109511	1
106197	0
105277	0
101238	1
108134	0
104683	1
112153	0
110232	0
103409	1
104714	1
102776	1
110704	1
111156	0
101136	0
107851	1
104405	0
108877	0
106860	1
108348	0
101462	1
113021	1
106607	0
104779	0
101598	1
108321	0
104382	0
102908	0
106086	1
102051	0
112715	0
104799	1
102642	1
110553	0
107234	1
105173	1
106587	0
111123	1
109112	1
112143	1
100200	1
102549	1
107814	0
110725	1
108557	0
103927	1
107003	1
106690	1
106618	1
100875	1
112828	1
106114	1
106671	1
110905	0
106877	0
112254	0
104206	0
106100	1
103127	0
109932	0
109999	0
100906	0
101887	0
106361	1
110560	0
100162	0
112228	1
104789	1
110777	1
102056	0
106157	1
105796	1
102944	0
105258	1
103178	0
110906	1
109622	1
108896	0
112307	1
101062	1
107986	1
101118	1
101173	0
100302	0
108535	1
106039	0
104044	1
104981	0
104932	1
102220	1
104435	1
103587	1
102131	1
102389	0
100593	0
111705	1
112036	0
102179	1
100997	0
102687	1
103544	0
105780	1
101483	0
103009	1
103806	1
106828	0
103943	1
112563	1
111290	1
109054	0
101998	1
104324	0
112004	1
105397	0
103381	1
100618	1
106040	0
104179	0
106395	1
106959	0
106463	0
106491	0
105580	1
105039	1
109512	0
102367	0
105860	0
101493	1
105773	1
103780	0
100563	0
106199	1
101355	1
107463	1
112856	1
106274	0
112749	1
105556	0
112901	0
109654	1
106353	0
111586	1
104887	1
102025	0
102593	0
109019	0
100165	1
102344	0
108358	1
102425	1
107380	1
104473	0
100386	1
103792	1
102304	0
105927	1
112015	0
111544	1
103596	1
105835	1
104860	0
104680	1
100091	0
106889	0
105511	1
106625	0
102841	0
110662	1
107875	1
104175	1
103101	1
105648	1
110960	1
108074	0
103424	0
103380	1
110257	1
109413	0
112556	0
101187	1
112656	1
103660	1
100586	1
107134	0
103887	0
106253	0
112500	1
104846	1
102784	0
108670	1
106075	1
106848	0
108204	0
109448	0
106524	0
105696	1
109183	1
107974	0
112976	1
102439	1
112587	1
101585	0
111397	1
100268	0
108231	0
103481	1
110717	1
109286	0
110442	1
108040	0
110667	1
100498	0
104112	1
111378	0
104004	1
103172	1
106062	0
106768	1
102229	0
102498	0
103815	1
101921	0
102563	1
107941	0
109340	1
109051	1
102513	0
105486	0
112187	0
111314	1
105914	0
101765	1
100240	0
109043	1
100159	1
100423	0
109325	1
100440	0
100336	1
108712	0
105720	1
101896	1
106874	0
104210	0
108338	0
101213	0
102109	1
107026	0
110390	1
105863	0
102688	1
102031	1
109552	0
106428	1
100012	0
109040	0
100598	1
109558	0
110673	0
107818	1
106922	0
105224	1
112246	1
111455	1
106758	1
107663	1
109578	0
106691	1
110762	0
104164	1
100119	0
104070	0
100479	1
103314	1
101145	0
108830	1
100112	0
106004	0
112712	0
112343	1
111733	0
109570	1
106492	1
102369	1
110595	1
103695	1
106586	1
107708	0
103860	0
102907	0
107927	1
110901	0
110620	0
101894	0
107853	1
112811	1
103006	0
108783	0
110361	1
111016	1
108084	0
111638	0
103715	1
102865	0
111928	1
102193	0
101573	0
104034	0
106885	1
110396	1
108297	0
112113	1
111301	1
100294	1
111900	0
106339	0
111723	0
102469	0
108564	1
105892	0
100573	1
112517	0
104710	0
106616	0
110947	1
110339	1
103309	0
108230	0
105388	0
100344	1
112154	0
106011	1
105730	0
107847	0
103092	0
111353	1
106835	1
111364	0
107752	0
103052	0
106211	1
111783	0
105326	1
109951	0
104357	0
107368	1
110760	1
111713	1
105590	0
110929	1
108073	1
109816	0
109137	1
105023	0
100863	0
100566	1
105646	0
107797	1
107449	0
105342	1
101335	1
106349	1
109406	1
110515	0
103775	0
104936	0
102961	1
111556	0
101970	1
103089	1
101304	1
102305	1
108285	0
111891	0
111182	1
104982	0
106024	1
111474	1
110118	1
111959	0
105333	0
101358	1
107258	0
109069	1
112362	0
107543	1
109374	0
102010	1
110510	1
106144	1
109034	1
106977	1
105715	1
110439	1
110602	0
110496	0
109611	0
112086	1
101544	0
112698	1
106740	0
102111	1
107451	1
104989	1
105163	1
110653	1
103160	0
110158	1
100785	0
102632	0
110831	0
105487	1
100966	0
100497	0
111828	1
111690	1
100988	1
103240	0
112840	0
109515	0
106094	1
105272	1
103548	0
107600	0
105665	1
111682	1
104507	1
110945	0
105467	0
101111	0
105516	0
111795	1
101057	0
101340	0
105176	1
101415	1
105551	0
110399	1
104251	1
102590	1
103895	1
107942	1
108971	0
104202	1
112599	0
102570	1
106412	0
102176	1
112272	0
108428	1
107432	0
104764	0
106068	1
102190	0
104995	0
108583	1
107155	0
110597	1
105812	1
108225	0
105006	1
105565	1
106177	0
109262	1
112306	0
112615	1
103412	0
100291	0
104922	1
103096	0
104867	0
110847	0
107450	1
109898	1
100021	0
104872	0
104770	0
102696	1
110775	0
104919	0
110416	0
111293	0
107809	1
103766	0
110420	0
110077	0
104326	1
103148	1
102695	0
108558	1
102607	1
100077	0
106875	0
102092	1
110348	1
108976	0
111511	0
110742	0
109531	0
104047	1
111317	0
101662	1
110552	1
106536	0
108138	0
101232	0
108612	0
110940	1
109910	0
108560	1
101789	0
100102	1
101913	1
102347	1
102391	1
100296	1
106146	1
105782	0
102405	0
107228	1
109026	0
110893	1
101813	1
105484	1
109890	1
106559	0
108033	1
102523	0
100537	0
100975	1
105418	1
103343	1
112390	0
106082	0
112399	0
105295	0
100905	0
104686	1
102129	1
109902	1
106356	1
103659	0
106290	1
100120	1
110172	0
100114	1
108617	0
109909	0
105948	0
103512	1
102345	1
100339	0
107665	0
105261	0
101509	1
112750	1
109368	1
100378	0
101131	0
108913	0
103894	1
108057	1
110149	1
102567	1
107423	1
103708	1
110539	1
103077	1
106809	1
105455	0
109315	0
110138	0
109860	0
110737	0
111300	0
112729	1
102097	1
105185	0
107506	0
100559	1
111167	1
110046	1
102619	0
100704	1
104133	1
105231	1
103508	0
111278	1
102970	1
102775	0
105670	1
104344	1
106862	0
110477	0
109249	0
111522	0
104636	1
105439	0
103614	1
100953	1
100746	1
108015	0
103188	1
101106	1
103675	0
108677	1
109785	0
109489	1
101309	0
104513	0
101054	1
110214	0
104834	0
107661	0
107435	1
109436	0
105605	1
108745	0
101832	0
105500	1
101130	1
104424	0
106464	0
105244	0
102438	1
103705	0
107094	0
111616	1
108229	0
101591	1
111856	0
104940	0
108741	0
105928	0
105803	0
103140	1
110261	0
110468	1
104194	0
110812	1
112406	1
106331	1
105483	1
109610	0
106541	1
110413	1
103260	1
112231	1
110889	1
102637	1
109892	1
105941	1
104616	1
108534	1
109589	1
108291	0
103072	1
103106	0
102283	0
109439	0
112831	1
106279	0
102509	0
104729	1
111357	0
100794	1
103712	0
108582	1
102603	1
108202	0
101139	0
105025	0
106076	0
109864	1
102218	1
111472	0
104861	1
108517	0
103002	1
105846	0
110643	0
110411	1
106825	1
107496	1
100680	1
112833	1
101294	0
108963	0
101874	0
112344	1
107711	1
103216	0
107174	1
108052	1
104765	0
100228	1
103767	1
104050	0
111135	1
105257	0
106680	1
105991	1
101771	1
106046	0
104984	1
111066	0
104910	0
106166	0
105921	0
108596	0
110818	0
107971	0
103912	1
107729	1
102995	1
106578	0
107267	1
111420	0
103115	1
101914	1
110648	1
102955	1
104478	0
108903	0
112926	0
111188	1
107301	0
107087	0
108614	0
103721	1
102767	0
107860	0
111281	1
101473	0
105492	1
112267	0
110189	1
110923	0
101992	1
102474	1
106554	1
105885	1
104643	1
100365	0
110567	0
110063	1
107294	0
102453	1
110236	1
103756	0
102398	1
101782	0
106664	1
104817	0
112447	0
111113	0
100088	0
103031	0
101146	1
101101	1
101090	1
102046	0
100413	0
101267	0
108360	1
104605	0
107025	0
111911	1
107308	0
104617	0
103863	1
102594	0
101278	1
106525	0
103310	1
108959	0
112937	1
100308	1
101115	0
107882	1
106209	0
110840	0
103386	1
106776	0
102261	0
107255	0
101163	1
108433	0
100800	1
111238	1
107682	1
107339	0
110307	1
106118	1
110975	1
107895	1
112490	0
103595	1
102378	1
101376	0
112236	1
100823	0
103653	1
104815	1
112059	0
112642	1
107778	0
101148	0
103109	1
106564	1
111710	0
104383	1
103644	0
108643	1
105463	1
102296	0
103308	1
112170	0
102364	0
109835	1
107318	0
103672	1
102559	1
106685	1
111380	0
112991	1
108419	0
112050	0
104295	1
107598	0
111221	1
101916	1
112733	1
106247	1
108657	0
107090	1
100826	1
111041	1
100579	0
104038	1
102458	1
102810	1
111649	1
102709	0
106083	1
112436	0
106734	1
112917	0
110174	1
109648	0
110935	0
100331	0
103362	0
107259	1
109440	1
109141	0
111612	1
107114	0
103184	0
104114	0
110216	0
108250	1
104734	0
112548	0
103322	0
110568	1
100459	1
109767	1
110267	0
104491	0
108024	0
101310	1
105409	1
110628	0
112487	0
110071	1
104193	0
104062	0
111910	1
111008	1
103069	0
107013	0
101552	1
108012	1
102494	1
103543	0
112042	1
111537	0
100125	1
112101	1
104182	0
101048	0
103528	1
100352	0
103283	0
104274	1
101562	1
111909	1
112509	1
109082	0
100935	0
106823	0
102981	0
107902	1
108640	1
105718	0
101185	0
106060	1
110335	1
102743	1
108104	1
100349	1
106388	0
103714	0
101116	0
110056	0
100233	1
106699	1
100870	0
105070	1
101902	1
101563	1
104336	0
100545	1
107004	0
103059	0
106884	1
109584	1
101936	0
106634	0
108273	1
101338	1
103230	0
110550	1
105094	1
104875	0
102562	0
103130	1
110531	0
108848	1
102030	1
111037	0
107329	0
103720	1
106880	1
104665	0
102477	1
109826	0
106140	1
102392	0
100551	0
110419	1
101365	0
103016	1
108470	0
100485	1
112261	1
106906	0
100098	0
104065	0
104342	1
100072	1
105996	0
103703	1
108696	1
107092	0
107165	1
102679	1
107384	0
100731	1
107126	1
108497	0
108383	1
106161	1
105878	0
106438	0
102043	1
110955	0
112446	0
110594	0
109295	0
102665	0
102953	0
108005	0
112782	0
104965	0
108030	0
111414	1
101588	0
100881	1
101718	0
107893	0
111985	0
101034	0
104685	1
106454	1
104554	1
108243	0
112603	1
106391	1
104602	1
103897	0
104007	0
111757	0
101138	0
104176	1
105624	0
109351	0
102522	0
107194	1
107215	0
101495	0
105573	0
107111	0
100939	1
107724	1
104282	1
101112	0
106539	1
105416	1
100204	0
106470	0
107934	0
104823	1
111435	0
101639	1
100257	1
106668	0
112256	1
111481	0
104637	0
102505	0
103884	0
112799	1
111529	0
100838	1
106769	0
100437	1
111456	0
101989	0
102007	1
107693	1
103128	1
107534	0
107093	1
103833	1
101910	1
102731	1
107791	0
107757	0
112160	0
107760	1
109893	1
100615	0
109139	1
109958	0
107631	1
107519	1
100920	0
104658	1
105545	1
109976	1
103861	1
104403	1
110013	1
104466	0
112914	0
105489	1
111567	1
103073	1
108787	1
105340	0
112041	0
109754	0
102359	1
104471	0
105015	0
104575	1
104811	0
111434	1
107101	0
108587	1
104455	1
110244	0
107578	1
109354	0
105534	1
107881	0
105429	0
109591	0
109282	0
110778	0
101986	0
103017	1
108206	1
104980	0
112064	1
107492	1
112173	1
111032	0
105121	1
102363	0
103757	0
109316	0
108354	1
112032	1
103233	1
108299	1
101608	1
111104	0
108711	1
107804	0
106418	0
105871	1
109010	0
111585	0
108737	1
105666	0
102145	0
112300	1
110368	1
112919	0
105073	0
111947	0
104979	0
108192	1
107880	1
101759	1
110119	0
111608	1
105613	1
107057	0
109606	1
103018	1
108485	0
103864	1
103261	0
111097	1
107514	0
109519	1
106974	1
102614	0
100402	1
108628	0
108960	1
105305	0
106545	1
107096	0
112659	1
101672	1
108716	1
111663	1
100400	1
100817	0
100604	1
101402	0
106817	0
105068	1
103635	0
107858	1
103639	1
109362	0
108346	1
111744	0
107885	1
112033	1
103629	1
108455	1
104088	1
107869	0
105376	0
109132	0
107828	1
112798	1
104250	0
101049	0
110765	1
111480	0
101255	0
107909	0
100487	0
100992	0
100140	0
105299	1
111475	0
107107	1
110591	0
112939	1
109036	1
104265	1
105923	1
104510	0
108632	0
101359	1
107291	1
104516	1
105708	1
108196	1
107408	0
107558	1
107943	1
106656	0
109403	1
101056	1
108020	1
106380	1
111764	1
101375	1
112554	0
111809	1
111653	1
108009	0
107498	0
112349	1
110432	1
107415	0
103655	1
112754	1
101863	1
100192	0
112638	0
101801	0
107634	1
102309	0
107428	1
106789	1
104257	1
103678	0
104074	1
111005	0
102817	0
100707	1
102704	1
105379	0
110290	0
105683	1
109930	1
107584	1
112053	0
108221	1
106477	0
106009	0
108928	1
112983	1
112389	0
106999	1
101147	1
112689	1
107056	1
106335	1
101728	0
100792	1
101183	0
102239	1
111169	1
112071	1
105979	1
100297	1
105042	0
107535	0
101664	0
106879	1
102358	1
104199	0
101029	0
104852	1
100824	0
112492	0
102339	1
104302	1
110268	1
110755	1
108507	1
100768	0
108107	1
101447	0
100902	1
112369	1
110586	1
110976	1
103498	1
109153	0
100964	1
102065	0
101817	1
109993	1
106845	0
106430	0
102379	0
111679	1
104849	0
107727	0
104204	1
112506	0
112282	1
104268	1
112756	1
106160	0
108058	0
111905	1
106248	0
112848	1
106384	1
104960	0
109955	1
104327	1
102517	1
100057	0
102919	0
101504	0
108503	0
111540	1
100412	1
112449	1
101703	1
112371	1
106167	1
104780	1
100013	0
101677	1
112130	0
110870	0
112135	0
109397	1
111400	1
106571	0
106190	1
106175	1
104349	1
113019	0
105938	0
109508	0
103964	0
104237	0
103070	1
111832	1
110992	0
111678	1
105735	0
102722	1
100332	1
109179	0
108803	0
109193	0
104238	1
108553	0
100396	1
105887	1
102191	0
109631	1
107923	0
108693	1
110501	1
108232	0
102421	0
101906	1
107855	0
102263	0
106203	0
100560	0
102733	0
110054	1
106812	0
105989	0
108190	1
108281	0
111656	1
104369	1
104891	1
108832	1
106899	1
110208	1
111333	0
102670	1
108322	1
109409	1
101886	1
106102	0
109720	1
110985	1
109317	0
107212	0
109358	0
110701	0
107369	0
100585	1
105994	1
111198	0
106191	1
100526	1
111270	1
106354	0
111706	1
112708	1
112433	0
106056	0
110177	0
106963	0
101288	1
101312	1
104170	1
100430	0
105335	0
100329	0
104927	1
111636	0
104725	0
106857	0
107995	0
108831	0
111140	0
109200	0
111099	1
104444	0
102180	1
100969	0
112054	0
111539	1
104310	0
111822	1
108168	1
109491	0
103680	1
101731	0
108193	0
103094	1
104942	1
105116	0
104835	0
111237	0
107396	0
108437	0
105697	1
104763	1
103896	1
109490	0
109712	0
101632	0
108386	1
101704	1
111028	1
105027	1
101502	1
104687	0
104726	0
112732	0
101681	0
110526	1
107897	0
109726	1
107486	0
108888	1
108201	1
101498	0
106301	1
103836	0
106831	1
103244	1
108800	0
108364	1
102340	1
101900	0
108685	0
109062	1
105737	0
100064	0
105011	1
108575	0
109218	1
109083	1
111386	0
101240	1
106369	1
100829	1
107257	0
102462	1
110315	1
111855	1
112451	1
111761	1
108438	1
101472	0
108132	0
106791	1
108153	0
101463	0
103443	1
106519	1
108571	0
111178	0
100022	0
106770	0
108780	0
107819	0
103161	1
109313	1
102613	0
109230	0
104745	0
100896	0
106419	1
107467	0
100661	0
105778	1
100766	1
102077	0
108608	0
103507	0
108416	1
101653	1
102996	1
103565	1
111111	0
105316	1
102098	0
109612	1
111177	0
101388	0
112110	0
105729	0
103582	1
100843	0
108205	0
103870	0
106503	1
111419	0
108572	1
103287	1
112906	0
102866	0
100490	1
105785	1
106780	1
109791	0
109522	1
112293	0
103503	0
108969	1
101856	0
107788	1
109372	0
104372	0
112546	1
112763	1
107097	0
104115	1
103704	0
107330	1
106219	1
109907	1
109445	0
111359	0
112719	1
103191	0
105513	0
102572	0
109919	0
108183	1
110655	0
108785	1
109855	0
106738	0
104261	1
111366	0
100507	1
110393	0
108180	0
106327	1
101041	1
105953	0
103799	0
100862	1
100676	0
102529	1
101264	0
101548	1
111703	0
109273	1
108924	1
103189	1
102135	0
104401	1
106501	0
104760	0
109625	0
108600	1
101689	0
110230	1
102059	0
103265	0
109329	1
102780	1
110350	0
112946	1
111946	1
105693	0
111814	1
101842	0
108286	1
109206	1
107326	0
110460	0
104612	1
104522	0
109546	1
110144	1
109443	0
110910	1
104974	1
112008	0
103334	1
106558	0
110084	1
103880	1
111805	0
110223	1
111196	1
104159	0
101661	0
108124	0
110338	1
106964	1
113004	0
112807	0
110652	0
110671	0
104921	0
102543	0
106109	1
106961	1
101624	0
110168	1
111510	0
106547	0
108296	0
109793	0
103133	0
111055	0
112264	0
100251	1
106851	0
101557	1
100805	0
105851	0
105754	0
111363	0
100215	1
101519	1
107619	1
107867	1
101676	1
100727	1
101708	0
105609	0
106673	1
101788	1
104219	0
106608	0
106272	0
108786	0
107648	1
110974	0
112075	1
109131	1
108980	1
111045	0
108445	0
112211	0
112680	1
103357	0
111520	0
112214	0
103725	0
111471	1
107644	0
108343	0
107601	0
102968	1
103323	0
104628	0
103845	1
109647	0
102322	1
109410	1
111975	0
105525	1
110197	1
111405	1
110926	0
104518	0
105191	1
106924	1
106265	1
105126	0
107786	0
105150	0
111003	0
108046	1
103850	0
106665	0
110318	0
101847	1
106864	1
102675	1
105897	0
100694	1
106270	1
105804	0
110253	0
108365	1
102235	1
108683	1
102973	0
103420	1
104541	0
103995	1
112009	1
104486	0
108674	1
107440	1
106675	0
103581	0
108166	0
107585	0
100651	0
105744	0
101360	1
104148	0
105758	0
108882	0
102141	1
102829	0
107654	0
103673	1
100451	0
105481	0
101357	0
109470	1
106468	1
107773	0
111999	1
102861	0
109156	0
103291	0
101780	1
109830	1
110741	0
102040	0
111993	0
106876	0
110954	1
109144	0
104443	0
104110	0
110340	0
112624	1
105284	1
102539	0
102063	1
102485	0
106396	1
107479	1
107193	0
112010	0
111619	1
112538	1
110269	0
112340	1
106641	1
112175	0
102552	0
101266	0
101280	1
112025	0
103407	1
109867	0
107238	1
106985	0
109960	1
112873	0
101452	1
102112	1
104597	0
111011	1
102183	1
106292	0
112005	0
109483	0
105412	1
109656	1
111352	0
100197	1
103973	0
110853	1
112986	1
103625	1
105888	1
102606	0
104036	0
111731	0
112905	1
110885	0
105817	1
110596	0
100056	1
110518	0
108399	1
106185	1
103204	0
102083	1
100282	1
108259	1
105870	1
105581	0
110484	0
111227	1
111987	1
106202	1
100442	1
110100	1
103248	0
100244	0
101864	0
110780	0
103848	1
100516	0
104298	1
105471	1
111394	0
100622	0
110426	0
110640	0
112649	0
111496	0
104460	1
105542	0
110042	1
106315	0
103668	0
111485	1
107905	0
108777	1
109884	1
109875	1
105819	0
110095	1
110986	0
112351	1
101043	1
101170	0
102014	1
110761	1
111583	1
109301	1
109723	0
100319	0
101825	1
112739	1
106820	0
110549	0
105347	1
106795	1
108032	1
105367	1
107958	0
110902	0
109790	0
111058	0
112560	1
109514	1
104258	0
106808	1
107583	1
112028	1
108684	0
108100	1
110563	1
108328	0
105619	0
107889	0
107748	0
112819	1
111081	1
104321	0
112251	0
113036	1
100801	1
102926	0
110880	1
103428	0
104226	0
104051	0
104615	0
112363	1
108594	0
102578	1
108664	1
101260	1
106186	1
101526	1
104464	0
103490	0
104411	1
102319	0
111981	0
111673	0
112302	1
107998	0
108207	0
101658	0
107982	0
110692	0
105852	1
107315	1
109142	1
108355	1
111792	1
112779	1
112541	0
104667	0
110730	0
112623	0
100017	1
105733	0
110726	1
108076	0
107209	0
103972	0
104400	0
102155	1
106679	1
106322	1
112544	1
102386	1
104893	1
102327	1
105343	0
101064	1
111538	0
111282	0
109458	0
110019	0
107219	0
104833	1
105445	1
108264	0
105834	1
107744	0
108366	1
104694	1
108117	1
102303	1
112310	0
104978	1
109817	0
110612	0
107370	0
111749	1
105538	1
105502	0
111408	0
106251	0
100422	0
102128	1
104778	1
110895	0
105093	1
109196	1
104267	0
108899	0
110924	0
108439	0
107381	0
112616	1
106639	0
112886	0
104520	0
103580	0
106154	0
109095	0
105153	1
110576	1
106198	1
108823	0
110226	1
109956	1
110896	0
100166	0
112523	0
100070	0
108103	1
112836	0
101114	1
101454	1
100460	0
103201	1
101140	1
101475	1
110017	1
109603	0
111655	0
111137	0
101912	1
101500	1
104508	0
108402	1
100917	1
109424	1
102265	0
111391	1
102294	1
106496	0
108036	1
103138	1
107127	0
109596	1
109303	0
112320	1
112507	1
108742	1
106584	1
105875	1
106439	1
110672	1
107756	0
102633	0
107611	0
110490	0
103632	0
100235	1
111624	0
111216	1
107669	1
108729	1
110833	1
104107	1
100130	1
110222	1
112439	0
105900	1
106697	1
109582	0
102888	0
104138	1
101468	1
104151	1
107280	0
109632	1
101549	0
103338	1
111302	1
103967	1
104825	1
101242	1
110814	1
109089	1
111716	1
106568	1
106806	0
111279	1
105517	1
110724	0
111261	1
100540	1
108592	0
105856	0
100031	1
109219	0
110036	1
108544	1
111036	1
103145	0
100806	0
112220	0
103476	1
109437	0
104544	0
110601	1
109743	0
102123	1
105507	1
112527	0
100272	0
108094	1
106911	0
111213	0
112532	1
112519	1
106611	0
100869	1
109916	1
112474	1
110209	0
107338	0
105813	1
102558	0
100895	0
109608	0
110109	1
108509	1
100922	0
101426	1
104711	1
109057	1
100048	1
111541	0
100453	0
104937	1
106130	0
103099	0
103627	0
109870	0
102516	0
101154	1
103717	0
108853	1
111505	0
107038	1
111354	1
103906	1
107829	1
107404	1
110740	0
104011	1
111860	1
107766	0
105375	1
108436	1
103372	0
109431	0
107363	0
109312	1
108867	0
107048	1
107737	1
102411	0
104203	1
103643	0
107910	0
103689	0
111525	0
109189	1
110710	0
110057	0
109731	1
104142	1
101751	1
103871	1
109185	0
110656	1
100934	0
110966	0
107207	0
110786	1
109096	0
111697	1
107582	1
104717	0
103940	0
105975	1
107229	0
110048	0
107350	1
105419	0
103079	0
107526	0
100449	1
106804	0
107041	1
110355	0
100076	0
100933	1
103123	0
105805	1
103892	1
102249	0
104291	0
105216	1
106239	0
109045	1
105082	1
109800	1
102167	1
110008	0
104081	0
100897	1
110191	1
101725	0
107277	1
109805	1
112377	1
107835	0
110843	0
107628	0
103677	1
107913	0
112575	0
112183	0
104184	1
112965	0
103288	1
105371	0
103496	0
101497	0
106706	0
107667	1
109320	1
110914	0
104905	0
112740	0
109946	0
108270	1
111613	0
102674	1
109680	0
105408	0
102195	1
111547	0
109284	1
112978	1
105425	1
101862	0
106451	1
111970	1
105411	0
106282	0
104935	1
102847	1
109862	0
107145	0
105157	0
110058	0
108268	0
105460	0
104630	0
102393	1
112401	0
112618	0
104085	0
107409	1
112809	0
104645	0
110145	0
100471	1
100602	1
101368	0
103349	1
101122	1
106846	1
109794	0
110301	0
100698	1
103688	1
108072	0
106753	0
109940	1
111265	1
100094	1
110108	0
109197	0
108026	1
112827	1
108382	0
112641	1
109604	0
111468	1
111129	0
109359	0
101098	0
102566	1
111254	1
101637	1
111150	0
102916	0
101151	0
107410	0
112844	1
109113	1
111753	1
103390	1
107360	1
111768	1
110748	1
103626	0
100171	1
109127	1
107795	0
102377	0
107540	0
101461	1
106037	1
112853	1
111449	1
103209	1
100264	1
100779	0
103354	1
103472	0
101511	0
103949	1
104679	1
110120	0
107436	0
102281	0
101093	1
104280	1
110302	0
105671	0
110982	0
100324	0
103622	0
106063	0
101671	1
104331	0
106815	0
106156	1
105781	0
111193	0
101223	1
108487	1
104879	1
106231	1
103631	1
104792	1
107488	0
109000	0
112850	0
110163	0
103495	1
103970	0
102819	1
108972	0
104609	1
110711	1
109382	0
108352	0
104339	0
106913	0
100900	1
102935	0
102048	1
100778	1
111806	1
105249	0
112927	1
107140	1
101924	1
102316	1
101031	0
106971	0
100126	1
109769	0
111943	1
105616	0
101629	0
110325	1
108694	0
109075	0
110943	0
112198	1
110471	0
111908	0
109965	1
101556	0
113005	0
103960	1
112528	0
106260	1
112858	1
101486	1
109400	0
100614	1
112176	1
101414	1
102036	0
101735	1
100419	0
111606	0
101922	0
106596	1
101440	1
106919	0
108307	0
112767	1
109736	1
103776	0
103038	1
105703	0
100773	0
105018	1
107944	1
110803	0
107217	1
100877	0
111657	0
110239	1
107738	0
104005	0
104555	1
105038	0
100787	0
105740	1
102114	1
106941	1
103132	0
104542	1
109913	1
110260	1
104079	0
107389	1
104762	1
101716	0
102610	1
109330	0
110049	0
109906	0
108871	1
112842	0
106929	0
102320	1
104399	0
108276	0
105995	0
111202	1
104365	1
103446	0
104941	1
106107	0
110415	0
100374	0
107691	0
105437	1
100780	0
104048	0
106669	0
108116	1
108426	0
103235	1
107782	1
105509	0
106437	0
112781	0
100484	1
103122	1
103526	0
107231	0
107676	1
101738	0
103922	0
101911	1
109006	0
109799	1
108844	1
107314	0
110379	1
105912	1
102882	1
111087	1
102032	1
102388	0
108378	1
102906	1
110423	1
108878	1
111642	0
102049	1
104571	0
100148	0
110418	1
110627	1
112645	1
103480	0
109283	1
103257	1
112614	0
108187	1
103456	1
101349	0
101824	0
111896	1
112213	0
105934	0
108618	1
102646	0
108845	1
106044	1
111487	0
101275	0
106050	1
107892	0
108315	1
106614	0
106710	1
101219	0
105684	0
106661	1
100136	0
105090	1
105151	0
110354	1
101948	1
105549	1
108775	0
104370	0
105627	1
102707	0
106041	0
102445	0
102827	0
111924	1
112189	1
104517	0
108405	1
101389	1
106751	0
101508	0
100802	0
106649	1
113011	0
103525	0
104039	1
111054	0
112435	1
103613	1
112137	0
101706	0
110110	1
107365	1
104868	0
112945	0
104579	0
102206	0
112048	0
103081	1
103598	0
100967	0
104596	1
111275	1
110822	1
101613	1
109662	0
101795	0
112425	1
102922	1
103546	1
105601	1
101670	1
100555	0
108118	0
107948	1
102366	1
102826	1
100418	0
100069	1
104128	1
111775	0
111941	1
110795	0
103084	0
112226	0
103335	0
106605	1
108599	1
112038	0
112428	0
105667	1
102465	1
110739	1
100757	0
104398	0
104828	1
112330	1
108909	0
107635	1
110631	1
101308	0
103957	0
112065	0
111096	1
106993	1
103337	1
103051	1
108387	0
105681	1
108927	0
111189	0
110666	0
112016	1
104653	1
112367	1
112592	1
105323	0
104448	0
110314	0
112746	0
105308	1
104971	0
103519	1
107780	0
109563	1
109784	0
104539	1
111824	0
111617	1
102274	1
102315	0
108542	0
106123	1
104343	0
106926	1
105747	1
107195	1
107609	0
110023	0
106522	0
101857	1
104648	0
109988	1
101172	0
108162	1
108952	1
109903	1
107358	1
101695	1
107863	0
110443	1
112092	0
112984	0
112055	0
105968	1
111046	0
111439	0
105768	0
103417	1
106715	0
111581	1
101411	0
103311	0
105522	0
104807	0
111588	0
105170	1
107730	0
101587	1
109365	1
112393	1
110953	0
112594	1
107086	0
101538	0
110488	1
112508	1
104768	0
101534	0
100913	1
101226	0
101055	0
107513	1
105370	0
105574	1
104538	0
104506	0
107747	1
103739	0
112671	1
110967	0
104211	0
111488	1
111535	0
112795	1
108242	0
112180	1
103652	0
104312	1
105807	0
103156	0
112762	0
104150	0
106424	1
100696	0
103408	1
102061	0
107904	1
111170	1
109378	0
110933	1
102106	1
110106	1
101079	1
100273	1
111698	0
106882	0
104431	0
103977	1
107102	0
100753	0
110156	1
107509	0
111595	0
101993	1
102880	1
106183	1
108523	0
109878	0
102017	0
105238	0
110764	1
107592	1
108110	1
112717	0
106358	0
109481	1
111200	0
110529	0
106832	1
102683	1
106236	1
110805	1
106613	1
105732	1
109334	0
108248	0
106518	1
108304	1
102719	0
110703	1
106334	0
103771	0
106622	1
103067	1
105872	0
110912	1
111662	1
101385	1
100681	1
100311	1
109341	0
112571	1
107001	0
101342	0
102932	1
101786	1
101630	1
108345	1
113015	0
106654	0
111917	0
107497	0
105898	0
108977	1
101845	1
100436	1
105001	1
109135	0
109663	0
104621	0
103299	0
109454	0
105351	0
103403	0
102001	1
100429	1
102423	1
108176	1
106422	0
108908	1
104673	1
108319	1
101027	1
108577	1
101796	0
106833	1
103918	1
100678	1
104283	1
112578	1
104944	1
109566	1
108047	1
112540	1
106196	1
111621	0
103341	0
109376	1
106883	0
112445	1
101558	1
109599	0
102507	1
105407	1
102288	1
101652	0
109414	1
105611	0
109868	1
106452	0
100338	1
105404	0
100434	0
104967	1
106341	0
101754	0
102224	1
106106	1
110215	0
100281	0
104101	1
100582	0
101009	1
101301	1
106242	1
100907	0
105424	1
112111	1
111220	0
107606	1
107421	1
108870	1
107970	1
107148	1
103158	0
107874	0
111644	1
104975	0
109480	1
111326	0
108720	0
106746	1
100730	0
106099	1
110044	0
109949	1
108940	0
102576	1
110693	0
104463	1
107146	1
102157	0
109463	0
102538	1
108678	0
109730	1
106073	1
103682	0
102940	1
111839	0
105124	1
103433	1
109990	0
110447	1
101593	0
111139	0
112838	0
103020	1
107520	0
100558	1
109842	0
109459	0
108004	1
104885	0
106694	0
103663	1
104706	1
108145	0
107154	1
106226	0
102917	1
110123	1
104783	0
100205	0
100635	1
110572	1
110280	1
102257	0
104024	1
103838	1
100888	1
109950	0
109697	0
111632	1
104537	1
108821	1
111587	0
109164	0
102381	1
103817	1
103374	1
107411	1
102938	1
111504	0
101521	0
109774	1
111399	1
101674	0
100974	1
107522	1
107201	0
105059	1
112639	1
101021	1
105981	0
108011	1
102503	1
100692	0
106159	1
102694	1
108718	0
102623	0
104116	1
102088	0
103014	1
105880	0
111458	0
100326	1
108184	0
109641	1
106620	0
104117	1
109926	1
100035	1
110131	0
112127	0
105179	0
113016	0
102136	1
107728	0
111245	1
101424	0
111565	1
105344	0
108829	0
100996	0
110520	0
106663	1
103395	0
106516	0
109763	0
107344	1
103730	0
101617	0
108965	1
105218	1
111604	0
106355	1
111647	0
108200	0
107307	1
110623	1
112350	1
109770	0
108089	1
100570	0
108699	0
101656	0
105140	0
100051	0
104094	0
111232	1
109287	1
102910	0
101753	1
112607	0
105675	0
100617	1
103516	0
104426	1
108820	0
112629	0
112409	1
111431	0
108087	1
110684	0
112785	1
105937	1
100991	1
110458	0
110009	1
109814	0
104419	0
108128	0
107272	1
101457	0
104938	1
106360	1
105959	0
100670	0
103197	0
101687	0
106598	1
104340	1
111406	1
101523	0
104289	0
105543	0
107081	1
103432	0
100482	0
104619	0
111229	1
103914	1
111546	1
103463	1
111782	0
100045	1
111373	0
105704	0
107345	0
102720	0
107951	0
111114	0
103602	0
102770	0
101464	0
110860	1
103744	1
111157	1
111092	1
102396	1
107808	0
103205	0
103379	0
105046	1
101231	0
103159	1
113001	1
103586	0
101215	0
100087	0
104894	0
112114	1
101929	0
101507	0
103952	0
111048	1
103611	0
106996	0
103280	0
105452	1
110151	1
104841	1
103065	1
105457	1
103423	1
105519	1
112245	1
111845	1
101923	1
109929	1
102564	1
108454	1
110509	1
109905	1
102697	0
112247	1
109460	0
100420	1
102900	0
112453	1
104109	0
110175	1
109650	1
103883	0
104452	1
112941	0
112771	0
112161	1
106313	0
102260	0
106223	0
111759	1
108743	0
103251	1
106682	1
104022	0
110959	0
111614	0
100358	0
107805	1
112103	1
103509	0
103229	0
100872	1
105701	1
107192	0
101399	1
107840	0
111573	0
107184	0
105111	1
100178	1
109780	0
105997	1
100003	1
109037	0
109885	0
109294	1
105972	0
102280	0
104200	1
103500	0
104884	1
110540	1
102103	1
103026	0
109616	1
106375	0
108424	1
104593	0
103535	1
107407	0
103329	0
109411	0
107108	0
108642	0
105930	1
104172	0
108388	1
110678	1
100061	1
100426	0
105427	1
102105	0
111489	0
100697	1
108624	0
112128	0
108326	1
112486	1
102705	1
109304	0
112979	1
112166	1
101051	1
109108	1
103168	0
105019	1
101749	1
112193	1
106030	1
102621	0
112241	1
109256	1
108464	0
113028	0
111590	0
111605	1
105009	1
108432	1
101565	0
111338	1
103340	1
102113	1
105232	1
110322	0
109419	1
104272	0
101841	1
104997	1
106793	1
104531	0
102028	1
104290	0
101944	1
112085	0
112326	0
111803	1
103044	1
112584	1
104332	1
112117	1
101702	0
108574	1
111100	0
106403	1
107723	1
112705	0
109250	1
100714	1
109381	1
106240	0
110365	1
106950	1
107772	0
100040	1
103273	0
110665	1
108337	1
111023	1
101284	0
100049	0
107550	0
111184	0
105539	1
111429	1
100081	0
103559	0
102783	0
104033	1
104001	0
105869	1
104449	1
106865	1
107268	1
102140	1
106224	0
106330	0
109103	0
101940	1
110030	0
109939	1
111256	1
108175	0
109651	1
107196	0
103391	1
110834	1
111027	1
107544	1
100791	0
110412	1
112843	0
101784	1
110658	0
112341	1
111875	1
106633	1
104083	1
102449	0
102143	0
109435	0
112413	1
105310	0
111255	1
109394	1
102905	1
107173	1
105253	1
106122	1
102240	0
107649	0
106521	1
103564	1
100723	0
105262	1
108723	1
108651	1
106338	0
106286	1
100239	0
104301	1
106206	1
106376	0
112095	1
111422	0
108494	0
104090	1
112930	1
105215	1
109595	1
103418	1
112155	1
102342	1
102414	0
109530	1
103718	1
108106	1
100611	1
107157	0
104013	1
101190	1
112877	0
108863	1
101733	0
103332	1
101655	0
109974	0
106310	0
108302	1
111519	0
105128	0
102640	0
110258	0
100293	1
103410	0
109136	0
100355	1
104263	0
112227	1
102214	1
112855	1
106686	0
105255	0
106869	1
112441	0
112138	1
107033	1
102118	0
104320	1
108078	0
106855	0
109311	1
107039	1
112437	1
100712	0
111249	0
110213	0
111676	1
111426	1
112104	0
112869	0
109166	0
112091	1
108731	0
108722	0
104028	1
105893	1
102967	1
107735	1
102652	1
105378	0
101567	0
106973	1
109053	1
102881	0
106182	0
100883	0
111602	0
111953	0
111838	1
106184	1
112621	0
110451	0
112402	1
110736	0
108019	0
105276	1
105931	1
105271	0
110037	0
108149	0
111295	1
104495	1
108760	0
104948	1
105352	0
108223	1
100305	1
111772	0
109165	1
112022	0
105320	0
108588	1
112588	1
112423	1
102929	0
101636	1
107260	0
104820	0
111650	0
103387	1
103932	0
108222	1
105772	0
107047	0
104604	0
109337	0
103961	1
100121	1
100467	1
109980	0
108688	1
101515	0
106027	1
100036	1
106022	0
108467	0
107075	1
110494	0
107058	1
111918	0
107589	1
103805	0
104377	1
109432	1
112163	1
102579	1
102237	0
111560	1
102818	0
100411	0
110723	1
102372	0
101835	0
105454	0
106515	0
103013	1
107088	1
105724	1
103551	1
